R 800 800
S/home/user42/Documents/42_2/cub3d/textures/sand.XPM
SO/home/user42/Documents/42_2/cub3d/textures/unnamed.XPM
NO/home/user42/Documents/42_2/cub3d/textures/brick_1.XPM
EA/home/user42/Documents/42_2/cub3d/textures/stone.XPM
WE/home/user42/Documents/42_2/cub3d/textures/wood.XPM
F    255,255,255
C    0,0,0

        1111111111111111111111111
        1000000000110000000000001
        1011000001110000002000001
        1001000000000000N00000001
111111111011000001110000000000001
100000000011000001110111111111111
11110111111111011100000010001
11110111111111011101010010001
11000000110101011100000010001
10002000000000001100000010001
10000000000000001101010010001
1100000111010101111101111000111
11110111 1110101 101111010001
11111111 1111111 11111111111